989	796	451	119	7	92	932	965	961	826
596	35	687	709	85	100	784	363	242	17
31	807	16	354	663	638	495	630	474	152
93	187	730	117	865	14	515	498	901	988
255	66	683	554	934	477	70	615	691	91
527	592	47	276	844	569	64	660	309	492
870	363	272	255	671	955	204	464	897	542
681	19	964	520	72	5	341	147	727	484
673	386	171	55	78	601	508	167	77	570
220	147	27	959	354	789	113	979	542	144

686	312	465	40	426	283	678	825	41	181
278	158	307	977	867	158	797	853	475	42
576	395	782	357	507	349	596	836	479	487
46	801	955	482	891	836	609	902	174	450
751	799	531	834	448	302	281	126	796	190
426	446	787	122	961	542	105	849	860	496
385	837	836	672	261	656	196	353	110	719
716	829	986	160	594	929	965	275	995	158
868	860	737	331	812	805	457	737	72	80
404	219	48	916	293	822	38	224	518	849
