989	796	451	119	7	92	932	965	961	826	596	35	687	709	85	100	784	363	242	17	31	807	16	354	663	638	495	630	474	152	93	187	730	117	865	14	515	498	901	988	255	66	683	554	934	477	70	615	691	91	527	592	47	276	844	569	64	660	309	492	870	363	272	255	671	955	204	464	897	542	681	19	964	520	72	5	341	147	727	484	673	386	171	55	78	601	508	167	77	570	220	147	27	959	354	789	113	979	542	144
686	312	465	40	426	283	678	825	41	181	278	158	307	977	867	158	797	853	475	42	576	395	782	357	507	349	596	836	479	487	46	801	955	482	891	836	609	902	174	450	751	799	531	834	448	302	281	126	796	190	426	446	787	122	961	542	105	849	860	496	385	837	836	672	261	656	196	353	110	719	716	829	986	160	594	929	965	275	995	158	868	860	737	331	812	805	457	737	72	80	404	219	48	916	293	822	38	224	518	849
89	811	955	961	716	324	312	967	471	67	599	263	877	74	705	436	972	206	103	406	199	721	907	908	470	512	241	838	816	369	953	879	210	527	911	719	431	178	975	598	208	309	61	832	360	547	156	511	928	791	973	562	483	341	142	134	49	639	169	947	148	862	559	71	730	333	175	1	684	690	62	653	89	776	811	151	937	222	40	443	400	754	332	212	995	842	690	390	958	895	937	983	286	550	647	943	311	432	326	701
591	867	155	858	545	95	782	266	284	420	409	878	578	283	538	116	718	384	280	219	304	733	857	601	407	53	357	898	854	451	238	795	502	169	389	315	2	75	491	404	305	439	862	699	847	491	190	410	643	489	160	288	605	378	670	614	354	211	173	531	951	581	468	823	684	485	675	28	820	814	742	479	676	818	106	27	375	992	813	487	66	938	143	909	927	916	602	339	357	771	771	296	305	697	702	597	338	576	968	974
300	576	199	521	833	767	285	74	546	710	616	208	347	522	342	935	328	469	273	86	777	539	603	596	561	122	843	251	263	380	140	891	29	404	38	680	45	997	213	682	158	320	528	363	444	930	527	929	70	864	777	980	312	267	714	497	931	593	224	356	516	84	668	932	830	18	699	599	339	883	577	235	166	489	511	701	962	691	972	143	898	545	637	634	69	149	544	971	859	249	705	168	935	518	772	517	707	792	402	873
858	334	132	725	575	579	547	624	613	864	457	41	380	70	952	377	781	860	692	418	907	45	618	626	72	321	233	638	822	202	354	962	962	533	705	787	388	603	504	1000	53	30	458	825	82	848	300	436	951	348	151	497	693	773	666	247	709	813	30	884	755	365	605	380	424	178	76	654	18	217	793	201	854	619	635	560	748	144	513	993	135	690	932	260	666	761	50	961	935	614	479	370	612	746	380	295	406	417	797	376
239	292	8	920	320	597	272	123	557	614	36	885	223	546	584	607	378	550	188	329	299	371	858	948	279	729	711	658	180	467	932	173	897	3	990	995	556	712	418	244	196	454	279	853	888	744	178	362	968	759	600	833	867	419	542	497	772	613	601	492	847	491	526	455	741	747	822	753	381	633	105	730	691	541	870	411	854	593	130	108	803	480	499	99	559	571	135	827	788	262	244	715	72	343	401	979	300	728	534	363
415	561	874	192	620	484	691	953	690	951	476	327	968	452	940	537	110	552	831	474	87	77	202	180	622	918	343	176	386	278	711	949	204	270	30	161	994	677	323	616	102	46	57	826	695	266	434	330	348	315	606	951	444	731	590	924	696	170	384	995	404	9	296	610	608	943	290	931	849	720	324	948	877	624	254	159	861	942	878	198	624	463	621	455	427	513	874	344	535	275	829	910	445	401	265	702	588	505	322	253
852	293	161	993	167	925	420	161	35	238	590	981	558	943	362	643	556	211	440	940	454	24	563	414	798	70	735	905	734	64	72	835	250	846	661	390	730	906	497	388	798	801	979	243	709	309	852	525	335	988	837	531	530	462	824	675	698	65	310	826	788	26	818	864	513	184	146	150	384	438	181	540	140	947	308	96	500	553	820	343	615	136	273	888	938	798	972	441	880	760	483	285	892	323	171	67	810	449	235	452
255	772	68	273	845	159	835	644	850	998	574	280	148	403	223	205	573	534	149	943	217	350	741	694	632	423	695	1	530	977	354	903	195	656	229	863	566	16	18	898	371	836	450	242	698	781	11	424	432	508	431	339	965	936	664	596	530	255	775	600	790	590	799	737	577	496	312	480	604	17	20	299	714	580	126	945	992	463	585	876	777	250	404	429	214	43	441	401	114	980	422	182	877	178	624	74	934	804	738	377
805	174	765	776	235	822	64	524	389	33	130	274	691	513	29	353	520	61	819	281	747	530	18	935	46	421	969	492	31	724	772	295	904	186	236	872	637	501	589	63	914	301	249	456	469	179	269	165	427	659	759	319	534	915	9	932	299	854	670	333	977	643	609	210	934	189	717	33	668	314	644	756	620	511	942	18	434	166	445	662	347	634	293	890	96	977	909	81	853	590	751	429	583	918	343	540	725	616	38	674
820	418	968	452	536	187	415	109	568	922	529	339	667	601	530	997	548	194	671	530	102	405	91	325	712	525	128	652	876	969	74	656	659	338	984	743	854	628	493	268	868	891	788	78	65	934	617	461	799	625	902	10	361	37	606	624	221	110	825	680	456	717	564	183	943	587	42	273	514	850	689	772	593	839	409	317	592	960	635	33	678	586	659	345	886	555	350	756	217	89	531	789	249	958	100	794	306	17	69	86
28	862	304	570	625	353	633	696	645	835	441	624	792	18	400	466	89	223	80	356	663	342	361	397	363	712	97	31	132	136	461	366	722	762	128	98	63	272	582	162	32	633	347	573	628	505	612	84	515	808	971	768	445	690	368	858	18	430	936	322	196	554	169	639	879	588	234	725	433	175	640	442	717	511	670	143	388	512	682	487	733	589	394	312	583	283	265	146	366	134	976	712	679	890	827	267	631	318	254	302
171	158	617	647	594	987	757	466	59	267	429	377	887	50	929	356	652	806	799	720	806	8	519	38	202	628	313	194	487	844	694	997	397	667	903	692	695	821	289	323	947	574	930	393	425	279	958	959	456	665	531	57	980	618	646	631	342	263	199	808	971	991	322	97	412	637	373	373	437	303	398	843	964	418	691	288	263	730	954	980	622	173	465	581	367	205	520	704	959	884	187	63	386	581	465	599	940	647	853	876
798	924	135	242	384	311	947	380	420	952	623	939	260	228	334	568	452	910	321	912	678	126	640	763	829	169	737	843	573	256	180	414	460	266	777	283	461	93	168	535	466	879	502	896	681	707	865	48	59	654	308	769	216	388	135	421	960	633	593	72	193	156	1000	866	891	296	381	895	298	185	593	551	446	793	480	53	966	247	589	592	784	488	982	400	98	830	162	996	622	878	55	117	99	150	132	127	482	379	887	107
898	575	21	83	798	210	138	321	387	262	627	928	746	433	702	818	301	649	368	459	235	65	321	49	209	710	307	645	759	411	541	383	680	538	505	750	312	262	968	979	827	701	170	189	324	623	21	40	831	351	796	525	336	625	369	465	778	125	447	82	776	677	301	650	427	531	834	108	727	331	139	946	402	274	493	995	43	385	6	416	874	28	641	227	709	663	542	577	568	802	911	65	596	64	531	381	372	734	899	501
41	664	61	0	699	842	19	634	549	689	225	885	603	825	776	123	394	284	518	568	780	968	237	261	305	674	808	651	64	77	762	626	298	340	687	880	350	434	486	653	38	467	426	553	906	333	763	886	216	213	743	204	804	279	12	669	921	421	543	970	656	31	479	7	279	443	751	15	897	599	891	55	610	617	417	432	171	973	90	457	906	240	922	595	39	232	642	97	268	8	214	652	620	409	931	393	823	560	26	193
663	146	750	99	346	104	947	547	894	82	94	119	911	462	881	32	206	412	660	406	772	841	937	771	205	751	336	678	602	842	944	345	59	63	914	428	557	419	454	678	229	455	592	992	944	688	462	523	736	371	878	518	648	973	832	586	678	334	704	985	579	293	499	113	881	524	274	502	368	968	479	332	994	107	148	189	983	809	890	109	280	420	875	298	930	875	905	958	466	515	593	603	275	278	91	571	592	564	856	47
489	766	330	454	543	795	103	970	552	56	253	32	213	92	98	408	830	406	788	375	734	338	875	97	823	278	720	730	201	608	854	947	556	902	143	782	907	666	981	357	372	285	907	526	905	666	494	41	539	477	956	42	435	27	200	113	667	916	305	184	270	532	733	439	824	612	975	837	832	163	298	504	787	71	515	995	869	78	842	200	350	467	98	472	603	115	500	684	509	400	708	944	820	288	298	75	429	983	229	35
531	536	523	315	660	896	801	155	509	264	510	705	951	543	947	332	996	247	253	456	541	553	957	105	408	848	120	85	934	797	830	930	725	207	62	673	592	715	396	311	251	407	919	787	770	188	828	740	194	199	138	252	957	126	708	894	14	779	308	282	535	210	133	63	582	637	302	398	323	747	460	646	243	172	779	149	558	903	445	505	137	645	325	173	141	505	824	463	338	352	178	233	214	114	265	538	369	692	824	492
652	895	291	212	627	546	400	82	370	404	674	407	398	230	197	859	982	367	867	261	168	139	596	140	445	988	256	880	559	467	279	446	253	402	981	401	80	71	321	314	739	617	668	55	983	47	96	715	23	69	495	735	265	235	262	190	99	713	639	78	113	769	772	771	348	597	31	375	311	143	477	457	583	100	981	784	434	451	113	488	168	457	756	529	717	142	358	535	575	997	23	821	955	211	907	975	711	512	791	241
628	906	25	130	354	364	166	1	876	240	46	994	152	672	845	901	943	711	777	887	219	803	775	82	319	871	346	753	652	852	401	369	66	262	281	702	640	894	917	365	398	825	134	84	32	251	853	255	545	933	37	624	155	98	437	793	660	478	535	728	921	363	592	343	860	576	849	406	603	51	446	998	308	320	702	626	990	750	734	742	595	182	82	573	754	366	611	458	95	972	894	288	536	888	942	437	458	948	621	546
782	696	253	758	120	820	536	997	219	401	463	614	838	677	280	270	970	114	309	839	902	957	420	380	913	100	258	912	464	380	927	310	860	755	96	455	740	116	629	294	620	655	692	634	366	511	173	777	839	957	193	963	609	877	570	55	388	717	363	864	345	970	998	41	360	866	595	742	281	651	723	876	473	231	464	908	20	720	808	34	511	106	903	948	604	327	123	697	216	265	352	570	438	194	32	710	554	315	767	609
798	256	378	534	407	889	870	457	326	245	186	952	430	811	15	272	488	291	529	314	589	598	350	515	973	768	667	287	555	887	371	517	741	415	187	980	790	307	963	601	706	543	164	882	716	100	984	141	904	27	959	789	843	71	351	322	606	530	543	30	107	300	937	631	504	558	650	338	840	489	434	241	807	62	131	421	412	809	998	842	857	554	424	854	716	266	966	924	675	833	617	839	336	853	541	907	114	435	189	19
822	922	293	414	795	9	866	930	716	562	820	634	739	972	880	493	78	901	280	977	971	917	172	975	511	284	885	708	655	940	176	788	51	811	671	661	735	390	402	667	797	63	47	648	996	864	349	326	54	303	744	361	224	119	407	601	512	635	144	609	417	657	202	432	627	498	271	43	469	469	841	601	178	34	407	829	866	72	705	451	983	149	74	675	262	230	667	405	921	599	898	244	447	331	30	552	214	789	133	204
342	874	543	302	680	852	355	679	382	247	573	639	779	560	530	160	992	703	262	50	582	816	334	100	281	586	678	902	143	102	30	47	355	231	141	28	24	418	868	693	502	337	666	353	158	841	505	155	704	474	257	357	551	360	509	724	700	800	285	125	943	473	674	272	17	224	475	978	527	450	271	983	63	313	568	269	758	634	240	494	999	385	282	825	318	566	512	47	598	875	523	794	160	618	61	755	91	108	880	324
834	555	42	735	391	602	797	712	355	269	511	647	732	262	958	210	538	795	581	805	399	552	855	850	63	510	368	553	672	516	539	123	167	694	729	431	336	996	822	984	142	79	572	683	648	72	96	793	614	562	572	692	461	353	510	769	143	937	548	207	11	294	919	873	946	264	236	160	140	139	665	520	905	65	564	751	17	508	855	443	713	252	837	167	257	433	423	73	531	154	362	688	520	348	270	787	545	158	369	438
50	703	818	299	873	514	545	950	93	535	28	676	565	809	150	690	439	203	308	388	800	144	627	852	110	458	636	229	509	124	430	107	284	591	780	755	638	813	139	122	691	142	802	515	786	540	259	399	683	343	525	200	391	35	93	841	40	657	953	95	475	898	396	447	283	429	936	272	798	593	304	182	165	297	318	869	220	539	524	932	794	797	254	626	351	105	115	589	259	473	882	333	404	312	435	799	55	805	346	299
752	799	269	150	661	185	785	40	723	655	52	841	602	36	19	950	272	352	499	190	263	361	378	829	939	102	109	867	34	578	837	984	916	768	937	886	681	459	329	303	443	592	735	620	883	599	881	218	796	624	688	16	136	141	512	883	443	282	0	517	607	521	968	976	212	110	668	817	342	444	656	248	877	547	882	729	653	671	423	997	471	481	787	48	65	712	656	960	646	110	115	342	726	573	268	629	924	280	855	964
471	750	737	76	548	307	668	907	665	740	699	68	888	268	974	152	364	514	730	26	836	380	66	44	20	474	537	519	309	12	827	45	127	776	498	380	720	214	188	961	997	320	672	152	43	60	491	96	552	233	127	284	296	818	172	827	290	18	19	467	921	716	863	72	131	218	707	72	499	782	872	25	820	500	969	670	474	417	340	205	584	751	661	174	201	675	334	597	657	87	155	308	728	364	485	426	535	306	297	981
407	81	155	304	582	582	951	817	290	657	595	961	420	195	681	918	736	254	427	597	216	279	538	349	379	695	976	243	152	345	281	201	515	207	291	585	798	69	788	954	952	880	836	885	633	584	502	835	19	74	663	968	877	253	438	17	830	933	622	325	356	965	141	910	430	879	760	822	546	589	645	106	688	696	766	299	87	982	855	375	55	154	585	822	318	330	969	129	220	705	252	381	468	324	933	382	797	412	229	964
734	50	401	925	595	985	952	533	925	992	624	907	781	108	125	712	449	152	18	535	450	526	720	166	281	456	283	516	652	303	747	9	940	196	375	383	998	832	106	859	546	834	987	708	571	401	388	970	52	251	454	519	1	12	917	207	601	394	239	429	112	83	61	979	862	764	104	813	929	901	731	317	878	575	55	195	540	473	553	608	425	719	793	176	137	106	377	240	336	973	158	122	561	278	154	237	724	673	918	389
577	22	245	105	224	655	4	481	580	793	174	570	758	465	607	315	700	794	303	812	580	595	630	974	239	859	275	324	582	790	5	86	430	649	999	887	275	442	777	290	612	655	76	266	892	510	888	716	775	168	850	548	462	134	532	834	930	811	846	300	339	336	297	709	924	331	146	201	797	303	209	450	707	551	58	0	782	497	391	689	979	370	609	411	665	634	879	726	875	797	487	323	186	468	642	250	414	519	202	10
158	359	476	930	80	741	422	949	932	865	657	960	556	139	394	543	90	169	200	431	696	186	830	780	873	899	971	51	652	327	708	810	47	452	447	315	710	170	494	862	251	645	93	811	146	809	861	539	382	232	761	544	601	822	740	652	991	677	386	133	969	321	105	497	718	212	703	316	556	659	356	640	178	605	44	973	621	657	46	799	111	126	182	376	225	665	370	179	568	811	798	349	77	542	561	140	938	342	513	128
704	570	839	315	49	474	543	612	909	1000	600	329	375	840	755	845	802	851	23	910	267	416	789	806	46	279	592	829	926	837	796	309	564	130	603	686	482	138	16	100	607	740	116	848	776	645	932	270	892	249	921	425	278	573	650	1000	650	103	712	214	21	134	28	444	220	666	316	41	533	208	424	858	157	79	95	138	38	392	413	439	438	255	805	423	992	567	758	761	453	891	577	135	148	215	818	264	295	653	96	745
30	776	42	49	815	587	958	809	156	404	719	270	971	65	273	695	304	887	263	213	648	692	9	750	531	97	853	225	82	682	61	456	394	964	683	796	59	891	43	965	339	608	77	171	608	339	121	403	646	618	178	203	872	940	807	895	326	915	217	630	18	906	106	675	822	416	690	203	340	884	665	41	12	940	175	818	928	607	129	506	500	691	939	387	55	247	519	378	370	261	121	454	293	720	515	91	879	438	249	436
186	311	354	573	858	485	418	766	618	960	252	927	122	417	676	368	335	527	294	417	70	403	743	292	41	660	337	170	284	557	715	797	638	273	922	228	821	72	939	96	576	914	462	694	243	37	648	985	879	449	723	13	457	860	557	48	916	878	113	467	679	932	866	820	634	590	801	409	915	519	590	247	48	935	686	185	155	503	103	948	307	534	796	268	849	185	386	362	762	666	938	652	703	993	544	282	487	756	605	453
537	384	136	447	512	449	74	7	780	821	881	479	549	34	324	158	119	810	634	173	313	824	429	913	476	322	254	97	521	546	428	805	606	579	399	882	261	753	325	462	579	62	245	355	694	495	972	54	331	160	48	911	662	151	129	792	531	823	898	961	632	902	892	183	227	60	665	402	939	908	578	455	784	482	976	585	572	459	893	652	723	896	15	109	47	752	884	874	979	719	814	984	154	365	856	962	707	647	701	890
756	185	569	152	829	65	960	506	373	440	172	111	918	943	432	591	633	221	104	220	34	318	429	179	829	319	367	678	182	47	393	262	671	216	957	195	778	663	992	371	589	391	382	130	781	269	665	558	569	64	849	170	232	726	601	746	839	333	467	846	615	753	28	575	822	969	596	365	243	999	603	690	695	991	521	455	629	355	717	616	798	197	608	886	600	266	486	916	904	861	969	181	815	664	423	192	974	136	471	125
621	323	184	367	79	842	574	420	902	984	717	855	997	19	188	313	50	551	464	424	210	630	69	663	712	734	633	204	825	906	42	929	710	918	547	434	635	769	991	571	155	888	876	805	11	791	813	452	509	583	492	96	70	404	598	333	544	619	686	627	730	684	462	979	305	360	509	25	492	854	38	83	661	603	369	716	843	904	973	116	81	815	387	722	785	922	556	755	986	411	959	998	552	444	336	833	367	410	524	566
593	857	833	574	528	762	607	418	475	722	388	164	454	86	943	685	900	100	120	42	958	293	514	199	601	734	350	943	182	873	489	297	598	287	963	165	381	253	764	856	833	960	80	503	739	811	650	885	94	308	159	611	624	528	851	251	392	293	90	599	289	550	678	968	529	570	349	252	505	623	964	553	388	945	59	232	35	114	639	683	157	134	586	115	624	472	696	791	388	692	545	350	104	287	565	264	365	286	324	673
756	345	275	466	933	402	296	792	538	681	423	665	136	556	874	437	909	572	305	943	813	941	597	946	564	482	807	840	625	782	528	388	143	484	200	437	209	544	214	538	320	8	25	371	587	484	963	773	270	899	619	629	674	818	288	923	915	794	547	378	470	503	251	110	172	235	897	482	836	858	148	140	931	31	662	845	413	580	282	775	788	442	283	93	569	286	232	98	30	751	897	802	910	893	198	223	865	791	96	134
433	873	424	218	380	585	606	559	657	596	356	418	682	856	459	595	50	665	995	858	438	1	174	358	691	636	800	710	297	660	33	843	26	968	320	911	553	98	659	971	169	530	17	52	455	745	693	598	263	869	926	350	76	967	452	79	276	132	166	159	424	112	73	831	731	515	153	724	280	92	748	48	508	480	463	138	344	918	723	948	990	972	602	69	5	306	866	782	831	932	938	135	598	962	412	382	311	808	439	949
254	563	75	254	797	707	875	75	928	21	867	595	840	168	697	548	892	976	557	239	777	747	668	239	539	697	258	95	154	206	536	498	300	197	602	931	522	797	932	98	62	679	977	334	620	560	391	884	579	44	603	775	145	369	669	995	633	905	66	286	168	903	882	308	822	455	799	727	373	788	482	351	735	261	378	506	358	719	550	600	28	652	305	105	562	813	209	1000	478	592	907	192	484	768	132	89	365	984	944	256
56	308	194	738	631	671	366	695	988	199	662	40	566	505	752	644	577	139	404	718	475	797	1000	296	238	957	505	661	401	945	597	498	669	838	940	27	411	428	111	545	260	592	786	784	55	161	970	98	429	332	340	532	622	443	683	977	11	871	754	619	482	656	192	564	809	833	799	597	436	803	583	43	539	417	736	155	569	947	348	285	904	250	310	447	21	795	414	253	494	644	10	181	468	898	537	194	46	675	210	366
471	717	649	462	664	574	784	317	817	228	441	757	963	49	255	155	388	351	252	623	977	691	332	596	700	830	329	391	823	406	790	184	690	134	724	324	633	87	470	554	437	560	77	265	266	76	459	808	808	736	879	232	23	320	292	485	997	523	564	416	86	743	588	884	389	21	50	547	147	377	770	924	415	85	342	731	627	459	426	121	232	550	54	494	847	159	938	363	407	429	812	262	735	544	701	986	235	108	573	640
676	863	328	373	205	384	578	982	958	779	405	314	489	495	8	176	52	217	592	305	393	922	930	587	688	763	88	224	500	118	65	222	1	904	427	596	603	647	44	459	631	625	521	507	771	758	673	307	292	633	962	840	114	833	34	109	958	884	54	141	544	818	539	730	350	550	199	823	611	504	225	158	982	604	886	443	760	482	339	768	514	574	637	184	129	130	685	27	582	983	731	192	842	488	536	871	535	355	7	220
719	171	585	325	52	432	253	970	318	837	478	383	367	995	476	364	64	665	534	698	676	431	892	537	395	413	547	986	149	788	791	469	918	854	783	412	838	369	883	789	822	125	488	141	510	672	89	74	765	301	404	973	139	315	131	606	737	232	34	169	148	652	711	140	982	553	645	406	627	795	869	977	189	436	653	484	173	738	654	892	596	552	953	39	91	766	993	766	349	954	295	287	175	504	76	680	801	463	841	530
3	723	219	91	556	655	621	438	530	922	198	714	92	13	596	178	881	970	547	833	685	986	82	878	835	969	736	517	805	306	79	631	561	44	37	414	422	977	763	518	802	941	417	298	411	165	401	302	594	411	413	489	766	384	4	284	257	438	179	452	313	393	629	978	609	339	901	248	693	964	251	130	263	574	539	596	204	991	173	870	117	666	834	662	241	182	792	410	966	3	986	52	972	823	137	588	493	90	321	634
73	226	604	678	771	788	356	425	633	935	894	30	324	242	977	601	567	371	571	715	779	5	467	950	696	916	699	678	680	84	442	886	275	762	974	838	468	178	582	662	803	760	702	863	583	279	509	967	21	764	410	324	373	269	119	163	363	855	270	979	319	80	502	820	779	363	949	445	222	297	900	175	748	723	380	425	332	832	176	11	73	63	6	611	64	814	545	430	280	949	15	633	206	840	651	159	247	544	176	453
892	153	576	906	262	826	266	924	3	549	723	790	882	613	23	198	706	578	524	834	653	191	713	750	324	366	695	798	159	489	7	763	721	14	542	320	661	973	373	836	204	118	298	140	959	504	540	590	633	312	949	504	163	892	461	125	571	730	418	733	256	569	2	261	677	503	544	317	269	930	499	31	728	848	857	443	31	619	84	652	966	195	518	428	944	204	355	315	111	129	765	483	58	642	450	951	155	709	205	946
191	290	708	308	899	31	678	357	853	341	53	706	199	931	871	196	809	729	996	759	132	881	799	375	971	322	564	728	377	999	905	413	865	988	982	105	606	644	514	323	311	565	96	104	93	837	598	306	4	637	2	326	721	76	668	951	966	964	81	120	841	477	920	700	85	43	424	381	958	382	480	160	428	8	482	110	935	642	74	118	371	753	465	576	296	156	617	158	141	208	435	261	694	14	542	620	574	598	948	535
818	392	433	863	201	249	466	352	924	144	560	873	464	872	860	161	480	163	111	125	332	542	306	177	869	598	899	32	545	190	955	246	469	817	171	337	316	902	614	756	395	917	668	333	610	982	517	334	377	315	396	928	332	143	361	884	810	933	480	622	699	898	937	947	459	620	95	378	661	649	969	561	285	189	976	751	58	445	125	42	629	505	936	473	387	939	553	961	300	466	745	643	488	993	883	991	421	941	256	789
478	563	235	21	947	320	801	880	71	139	24	92	106	316	969	145	155	898	116	42	156	74	729	689	660	196	909	21	395	900	176	538	823	164	597	327	84	202	272	848	957	60	297	764	686	107	973	613	357	998	562	269	762	414	872	899	50	493	798	515	977	892	927	167	942	61	95	327	904	249	338	510	537	58	773	659	138	199	802	280	190	937	525	45	623	197	543	621	266	451	470	991	974	994	143	1000	93	201	74	336
343	120	288	122	509	907	510	969	192	870	241	110	489	263	321	899	813	150	960	352	33	168	410	762	818	570	729	780	625	551	465	0	725	53	282	635	616	929	719	473	106	979	352	518	731	582	881	19	476	250	694	805	373	470	191	538	705	911	200	65	343	844	961	30	181	624	162	834	312	83	585	441	316	874	82	935	412	71	233	849	807	942	593	758	327	886	678	173	942	376	942	611	911	408	60	209	32	534	865	37
414	190	430	105	456	401	834	830	994	695	891	513	620	471	605	69	467	474	564	253	383	418	146	776	274	0	946	179	713	928	863	854	345	122	195	710	27	188	884	746	191	808	912	445	298	356	716	4	130	603	160	849	911	477	773	458	908	813	109	18	791	776	974	190	703	699	981	702	981	178	842	474	506	193	430	919	175	606	206	106	956	590	573	692	230	190	524	386	467	275	114	741	184	386	88	143	146	142	142	553
771	309	1000	839	838	299	197	243	518	420	292	990	718	53	671	700	321	949	149	966	892	842	102	102	638	122	216	354	672	167	462	582	411	857	143	37	576	786	417	482	765	17	26	992	32	138	833	731	98	421	712	986	917	592	594	90	515	338	59	99	939	1	477	419	740	20	3	999	551	226	144	60	884	732	573	975	691	945	52	357	50	186	954	712	286	546	379	940	449	896	725	373	917	615	678	272	119	463	602	827
80	557	375	362	113	754	565	524	518	778	812	970	782	134	664	142	155	720	357	191	361	949	361	883	884	986	202	441	145	417	986	645	46	622	39	147	384	831	185	16	791	842	663	96	892	581	71	890	861	159	884	133	885	609	614	927	232	382	24	233	975	10	840	577	71	138	875	546	744	840	483	148	995	224	274	929	946	58	272	579	286	871	0	423	236	238	930	844	973	886	896	789	190	645	548	536	287	724	311	304
826	419	809	331	599	23	322	144	923	892	598	82	746	389	500	51	442	733	206	893	383	425	563	266	256	919	824	727	710	547	372	210	105	562	17	776	485	426	941	940	479	920	448	75	821	201	491	333	156	184	337	964	378	311	797	391	496	369	867	803	812	151	18	924	256	309	965	519	400	32	69	148	808	784	284	628	633	974	173	339	190	362	79	664	680	752	737	522	865	846	43	794	882	875	740	274	814	653	243	711
536	927	891	860	450	489	976	661	597	347	411	282	738	460	693	202	12	921	390	303	498	290	691	792	240	868	262	593	610	477	715	234	84	558	85	563	406	642	310	6	694	712	229	110	679	69	139	264	267	338	948	360	597	705	215	90	36	190	748	606	647	188	677	250	606	885	555	376	317	816	493	761	266	210	346	933	173	803	624	812	255	805	537	974	232	139	246	297	434	92	31	535	733	118	774	164	495	73	130	466
534	874	824	110	373	958	330	470	816	909	621	30	104	96	648	722	458	547	231	564	605	497	173	110	958	538	130	724	529	633	572	474	823	112	179	998	262	248	977	445	539	580	749	164	766	933	346	805	813	616	282	263	662	134	92	879	75	240	322	326	735	765	118	637	575	114	28	773	98	661	961	253	469	196	32	758	687	748	44	759	234	137	105	642	267	14	985	97	649	728	239	356	380	519	757	109	199	588	307	84
768	987	276	213	86	124	120	888	508	674	774	228	713	436	61	638	88	888	955	971	25	760	451	865	905	143	527	608	466	663	462	179	80	894	289	858	951	136	585	69	352	931	10	704	947	233	578	683	34	501	641	912	908	275	101	351	869	668	442	46	140	681	388	742	828	59	433	959	458	418	599	48	372	213	645	510	739	338	515	426	132	424	693	756	100	833	780	644	567	229	69	865	380	82	47	350	864	35	188	661
654	758	689	501	977	805	318	587	624	447	235	574	971	578	995	830	387	291	79	856	483	395	301	202	455	75	518	528	258	705	712	623	322	826	928	278	325	241	839	823	782	713	228	164	883	611	45	108	16	449	308	64	665	868	513	640	891	940	443	997	485	750	119	870	617	215	414	428	832	105	507	69	823	854	408	854	234	593	312	998	831	684	470	16	572	165	859	956	93	900	169	685	4	465	38	455	407	264	699	176
769	4	283	854	606	117	471	422	508	896	892	694	717	276	589	594	771	656	899	694	659	816	38	625	77	521	10	586	654	609	787	891	470	675	743	252	654	902	299	184	344	848	243	112	761	242	567	721	731	248	846	807	701	335	616	950	238	7	445	35	645	560	284	553	467	709	137	857	660	91	987	238	791	85	347	26	672	857	210	684	681	288	574	769	842	269	661	317	827	743	887	689	978	623	163	359	237	51	749	343
299	748	891	846	47	336	157	328	756	798	668	749	411	923	584	10	974	880	484	192	495	563	650	221	275	976	532	95	834	725	714	239	530	50	949	968	335	428	991	911	302	315	858	514	555	202	150	347	205	476	4	944	828	219	930	745	136	583	687	25	483	248	620	370	573	488	73	206	711	79	747	479	318	614	269	490	766	829	239	220	870	124	797	364	987	829	16	563	305	992	626	999	439	939	899	109	258	982	64	33
848	484	75	348	368	122	46	431	858	202	8	956	209	387	246	719	380	852	975	511	297	706	763	915	496	941	786	524	320	43	40	231	884	621	29	688	824	479	487	767	29	218	125	867	657	966	752	12	191	603	431	945	550	144	865	384	393	868	750	177	245	944	862	146	177	695	68	414	514	231	18	771	230	981	679	13	601	805	483	4	861	458	764	600	484	87	22	402	416	280	785	701	293	574	581	286	38	746	622	792
565	66	659	962	105	419	745	8	953	293	794	841	276	504	43	576	238	858	578	838	700	730	518	639	590	256	554	730	994	558	610	938	308	986	651	277	722	599	261	722	712	625	551	342	424	756	838	251	264	226	323	692	464	791	332	956	627	668	228	672	91	907	24	773	700	38	734	48	591	264	92	10	874	448	589	260	924	920	725	160	294	977	990	714	307	488	404	647	829	394	592	790	418	378	292	81	880	762	331	572
646	331	45	981	650	763	837	585	751	88	586	979	316	655	485	796	796	671	120	174	537	427	671	582	98	443	920	327	794	428	554	227	951	709	376	382	272	713	348	636	100	305	295	976	879	359	117	796	475	536	251	271	248	278	624	884	175	246	129	485	83	109	773	201	609	87	542	516	246	38	964	59	662	856	648	751	564	284	686	205	823	775	532	100	650	966	796	121	675	477	565	726	779	683	427	558	444	399	688	171
656	529	141	646	170	390	424	140	106	886	659	501	747	885	872	817	102	25	321	606	269	769	952	413	249	883	650	724	424	776	342	138	108	234	831	753	516	418	653	275	652	346	962	318	870	761	982	177	869	644	763	171	234	713	507	124	600	547	641	586	466	514	547	191	155	308	870	925	680	920	971	473	179	93	107	916	162	776	889	732	158	224	908	837	765	651	143	414	236	436	164	980	118	495	322	906	473	570	819	783
217	351	824	741	493	674	678	301	544	903	751	872	297	290	756	69	129	196	316	332	283	466	622	154	877	700	608	151	680	85	743	49	787	900	607	955	606	605	42	474	857	219	749	520	749	74	717	213	786	952	939	419	440	976	510	107	58	567	86	276	928	842	795	158	66	416	623	371	104	993	464	587	74	134	798	830	971	107	853	997	520	905	345	372	326	873	130	229	926	390	371	516	498	145	974	757	531	728	880	91
192	455	22	302	22	104	152	893	312	962	544	165	612	973	499	703	392	589	270	300	846	868	415	446	443	982	299	380	838	114	104	436	215	291	872	447	723	15	249	842	952	862	846	705	505	773	408	87	958	971	795	317	196	287	178	797	483	629	35	482	73	200	72	492	530	933	75	101	931	49	238	345	363	582	140	913	420	633	665	826	34	242	204	266	135	172	498	386	448	253	80	137	320	674	355	153	781	536	75	981
601	655	92	950	71	628	585	322	718	797	755	282	661	503	27	522	758	699	692	600	419	382	682	458	19	396	711	94	922	863	593	485	419	203	792	406	745	442	426	250	755	984	700	774	619	110	444	986	595	872	757	238	844	153	765	672	421	131	497	834	937	533	759	639	961	85	307	123	45	923	680	604	763	861	134	263	568	312	393	483	656	975	540	72	704	522	156	929	357	520	440	638	910	213	546	124	861	278	119	836
990	748	79	831	979	454	584	819	798	492	528	824	618	377	279	845	783	39	222	384	738	203	200	801	466	100	509	125	457	997	139	337	641	640	34	74	674	118	666	204	89	648	488	976	914	231	423	530	586	331	878	727	539	326	36	781	506	859	575	223	59	339	501	894	473	967	837	574	601	508	750	978	238	807	627	158	943	587	4	422	231	254	16	930	393	800	274	941	560	567	723	946	276	540	476	428	784	736	335	492
202	800	285	174	947	576	479	933	5	993	470	881	463	967	867	568	1000	466	148	854	817	613	788	4	970	891	191	488	935	724	847	833	715	186	683	7	476	200	717	313	743	415	123	673	545	131	461	278	140	807	142	799	992	281	754	283	642	195	919	745	355	709	187	723	516	378	50	168	263	474	552	668	685	651	242	548	815	337	498	604	110	407	901	298	964	756	837	523	284	587	256	193	392	339	615	941	824	115	73	386
423	940	881	102	980	672	560	264	681	739	13	747	386	31	687	3	372	68	164	103	30	323	306	9	92	996	248	399	821	879	970	353	211	886	388	4	738	196	551	247	731	466	687	989	453	380	791	584	760	811	201	269	746	569	883	891	868	788	866	875	566	554	918	792	89	174	381	927	743	838	399	849	881	680	303	951	701	427	845	507	869	835	21	460	83	42	975	983	185	287	819	214	212	331	630	432	822	592	985	79
668	810	559	737	91	599	569	794	739	643	405	597	453	259	997	191	823	533	491	340	396	692	459	715	413	882	632	136	231	250	522	580	637	528	902	89	707	72	839	701	15	448	14	329	363	965	446	533	408	454	750	196	840	455	327	70	272	566	358	284	906	987	455	827	585	506	378	955	387	98	477	611	433	734	235	109	617	855	34	225	595	710	64	865	903	349	775	31	129	885	473	605	985	406	194	673	645	860	768	312
879	875	83	396	629	840	582	601	797	81	630	814	133	621	777	411	462	57	903	141	590	912	696	659	816	618	563	579	284	890	764	857	503	231	425	911	551	737	374	453	436	156	823	37	593	85	599	874	41	786	628	27	393	191	46	260	160	177	790	937	129	808	180	719	134	562	325	338	169	356	172	723	68	142	387	697	204	719	37	856	148	992	998	893	412	661	835	479	427	874	409	988	4	331	413	911	355	353	878	369
691	265	431	502	356	273	863	587	945	661	158	699	994	251	1000	476	701	979	37	951	701	677	194	241	745	600	398	819	736	753	399	900	147	589	517	116	396	471	204	285	393	843	250	924	261	963	384	150	530	699	611	543	736	682	499	997	542	36	183	329	811	738	890	246	408	499	539	792	339	162	923	228	568	337	690	895	816	23	708	295	809	861	831	854	942	266	884	103	689	29	222	727	99	324	723	933	515	923	498	306
11	835	473	159	535	765	966	658	79	848	444	741	486	562	735	868	487	836	13	658	334	368	251	876	650	469	99	250	411	722	995	359	476	57	137	682	408	305	794	598	612	575	65	659	769	149	109	320	682	706	819	46	479	385	858	628	359	633	2	106	726	751	263	645	307	25	806	799	11	227	581	861	279	904	653	708	227	51	888	940	121	57	933	247	85	17	188	513	425	544	320	961	163	833	256	85	295	967	114	553
325	271	511	282	221	228	574	58	389	391	168	117	752	411	146	602	556	967	304	799	310	142	847	280	745	40	135	358	131	358	947	260	117	731	95	868	405	961	252	473	748	359	579	402	232	598	638	677	113	994	259	891	801	57	429	817	566	820	376	363	594	944	401	747	48	718	711	471	443	107	426	930	944	385	536	803	123	146	421	259	806	478	939	789	955	411	860	282	545	17	226	481	965	441	32	248	190	6	647	819
961	24	530	219	341	799	781	563	284	816	67	550	941	816	286	328	696	298	927	728	652	405	365	41	715	821	330	987	625	524	891	134	896	517	21	28	610	615	739	118	106	628	984	936	930	997	357	677	324	679	648	969	923	320	209	848	524	354	275	55	122	134	630	576	560	449	759	639	16	438	222	255	455	212	41	175	614	500	24	520	489	863	371	155	464	277	69	616	99	147	869	79	850	502	463	147	465	73	370	52
62	173	961	125	763	105	872	49	183	405	649	118	371	291	323	497	303	796	487	481	303	748	144	618	209	70	902	131	481	519	474	858	478	954	216	809	79	696	712	359	876	607	304	274	746	676	473	740	156	598	248	803	640	573	674	90	900	197	473	568	36	323	11	492	345	272	718	585	308	520	239	78	277	671	618	225	103	428	405	328	328	807	978	278	499	295	280	126	578	409	122	440	443	868	696	56	540	457	611	603
681	369	584	394	62	175	283	609	834	40	123	272	205	954	28	189	949	287	548	896	802	646	72	785	105	800	63	791	10	145	537	932	188	27	522	552	368	964	893	738	120	388	686	246	928	19	417	503	201	386	501	858	29	312	223	27	54	543	527	702	509	428	223	323	107	411	724	504	238	351	59	893	104	436	632	275	326	703	779	320	663	225	419	637	119	363	193	420	934	791	992	921	682	331	790	415	409	524	439	560
63	463	907	757	600	409	581	671	694	783	427	608	869	155	111	758	421	634	243	844	208	377	72	211	68	366	608	39	138	767	707	239	969	414	5	925	691	566	198	919	805	810	589	961	946	51	4	402	280	372	912	501	898	672	797	826	490	843	428	34	156	616	726	465	525	747	393	643	114	669	913	853	12	43	362	39	477	836	507	899	685	599	713	52	743	843	293	657	839	510	425	760	301	500	259	306	222	984	10	12
682	844	470	488	603	299	770	744	712	209	961	336	490	831	553	714	990	906	754	238	378	949	674	85	440	196	232	934	653	729	133	67	517	97	372	29	620	371	990	391	639	806	176	186	339	151	90	532	884	647	673	177	845	469	266	279	369	343	76	267	680	18	673	97	693	593	206	129	512	702	969	129	885	337	670	365	979	509	856	61	235	805	254	25	382	339	491	367	649	290	623	259	366	988	600	132	216	356	793	819
155	748	427	381	748	266	905	642	799	845	253	793	996	281	742	382	557	108	301	665	367	726	562	841	584	161	373	552	933	891	667	543	628	277	84	726	993	828	869	450	705	649	804	15	273	299	175	422	691	775	223	401	574	828	914	678	779	154	317	971	483	424	966	961	501	528	447	400	154	964	243	346	241	49	617	383	100	815	127	830	403	991	537	752	660	243	782	92	363	538	45	291	683	585	847	496	27	586	754	280
173	1	805	342	914	279	334	673	400	898	702	154	664	305	850	730	120	890	773	128	836	773	591	344	227	973	399	949	72	470	558	139	609	538	49	267	775	852	517	758	182	474	453	65	708	559	63	255	419	283	614	488	504	466	445	478	428	23	361	12	420	174	231	29	196	102	464	499	957	312	189	314	415	199	572	565	593	506	903	175	179	223	416	965	910	109	66	978	297	803	759	649	218	938	752	462	846	172	545	572
189	646	300	609	91	167	964	435	223	362	411	553	929	128	829	289	710	617	589	933	392	998	107	488	125	740	970	595	292	254	300	452	740	627	622	607	380	953	911	496	531	290	802	896	957	400	343	881	76	390	596	904	138	489	420	271	102	778	854	35	153	790	590	328	371	57	522	633	285	201	198	590	770	338	717	162	184	486	204	946	151	494	422	242	917	287	825	419	119	695	342	68	15	92	160	375	294	813	900	147
347	939	861	606	945	743	362	438	93	88	525	886	608	568	986	362	5	237	493	183	610	683	802	973	548	547	195	253	175	323	64	472	175	373	419	536	704	390	987	18	773	593	935	406	805	116	481	967	128	568	33	416	630	902	345	265	626	147	330	268	153	517	733	720	615	926	839	976	961	196	145	54	804	127	994	636	893	346	1000	93	484	952	622	821	459	519	620	38	241	120	52	561	405	831	447	97	160	874	572	282
748	998	810	73	695	62	865	933	368	676	840	556	433	66	841	327	448	99	594	624	574	381	433	131	114	767	940	293	955	995	753	867	30	218	628	686	676	594	931	774	47	735	87	746	323	742	265	289	224	794	481	457	592	990	158	192	959	536	985	802	241	992	851	307	278	244	792	199	927	287	986	119	859	483	528	715	879	871	836	203	606	80	534	169	151	528	211	47	118	549	643	663	256	828	261	698	232	690	79	902
916	432	25	466	960	275	422	947	630	864	739	854	112	632	642	948	83	432	49	873	264	777	271	408	580	613	163	746	423	201	294	817	20	956	707	689	734	459	252	520	989	100	913	44	762	872	173	293	802	192	279	501	590	778	505	389	771	577	578	446	554	886	69	331	968	319	838	507	617	93	575	887	317	601	400	281	665	630	5	118	459	200	454	88	232	649	231	48	982	373	937	30	971	181	905	540	307	274	615	474
30	498	591	866	118	479	751	835	845	535	121	221	426	282	67	985	345	733	293	48	907	878	70	244	369	544	882	277	638	536	982	702	935	270	296	925	957	270	49	961	978	395	250	56	329	305	758	893	354	169	626	949	529	125	324	237	567	958	157	428	22	776	197	461	603	294	240	723	836	732	896	870	355	258	823	22	427	97	282	393	254	669	494	59	267	733	624	96	77	155	963	454	71	238	86	33	278	711	207	303
819	22	572	480	548	384	691	966	753	404	771	432	778	764	37	784	738	392	985	641	856	887	387	519	248	351	220	312	392	424	852	988	458	76	124	798	565	321	850	60	209	107	703	520	951	2	430	938	323	952	765	838	402	719	229	687	691	958	368	676	160	325	219	625	22	688	248	78	171	30	958	152	224	28	885	56	132	758	829	830	814	263	66	618	172	1	894	460	527	182	741	266	487	740	444	32	604	637	287	333
2	865	489	1000	350	148	62	375	320	364	351	38	910	81	147	110	916	828	856	828	526	91	878	92	547	952	468	256	460	678	419	7	181	821	10	775	88	572	986	176	619	589	556	573	307	50	124	381	911	438	298	780	840	417	972	636	849	406	629	6	986	155	788	881	439	84	784	574	936	480	206	582	485	434	930	760	507	740	232	109	259	878	463	45	330	821	94	237	875	602	712	669	506	406	51	415	728	551	527	932
860	409	745	610	366	823	704	724	927	631	195	979	625	247	677	65	924	464	646	793	915	223	658	798	889	64	186	695	246	182	316	997	12	508	268	790	816	803	698	424	472	154	433	518	57	482	817	892	675	46	820	437	824	833	634	303	112	73	709	937	40	587	689	182	408	205	109	36	976	784	7	667	786	333	200	658	993	46	677	793	555	676	69	924	423	987	823	847	662	678	984	822	947	364	297	411	358	799	76	160
481	363	999	583	719	154	98	183	644	330	831	484	875	218	839	109	658	731	951	572	405	164	440	890	700	408	465	269	113	608	933	952	295	934	770	414	666	955	143	584	941	725	479	966	452	855	489	906	577	799	558	842	688	63	329	370	208	77	90	867	443	151	576	835	393	70	228	347	509	835	314	658	8	339	473	357	402	222	804	129	85	370	169	243	978	957	235	520	469	982	908	569	382	410	30	451	428	285	824	536
274	983	537	891	236	1000	793	604	457	851	237	822	295	429	4	437	954	698	921	501	730	938	299	561	898	384	313	54	125	965	439	966	415	760	768	816	628	703	184	857	764	591	561	726	303	569	853	828	387	370	788	244	997	246	769	742	363	783	485	517	20	959	965	653	932	519	734	954	158	450	651	286	213	401	906	378	218	561	900	649	365	689	606	627	634	678	82	868	706	393	331	592	852	962	155	141	543	540	403	936
970	453	298	398	490	596	110	926	650	880	910	517	742	957	278	217	827	336	285	466	747	584	669	956	488	992	219	406	93	295	545	327	923	700	660	376	102	870	541	0	303	454	555	585	757	598	950	451	322	921	393	636	746	61	11	755	722	854	595	606	305	755	116	556	766	154	5	280	770	499	545	419	347	397	557	653	844	984	183	447	278	355	892	274	645	822	8	656	455	574	548	54	966	130	946	30	13	907	546	680
117	145	622	218	715	576	177	921	267	909	202	41	358	733	598	569	412	631	836	178	876	787	63	208	108	799	5	555	401	255	685	786	975	848	991	183	264	712	151	847	663	993	117	667	956	798	251	497	869	402	784	255	138	20	153	107	594	801	179	801	978	599	323	344	574	101	591	407	521	373	201	629	852	547	90	132	968	827	434	513	29	586	992	215	690	783	32	611	649	451	932	596	736	957	703	689	59	577	114	901
441	803	93	253	552	868	326	357	823	593	899	40	50	903	238	617	539	944	435	139	787	800	722	617	882	634	672	818	399	552	117	225	107	415	757	581	620	495	83	750	647	519	915	995	460	259	826	973	195	394	415	464	868	439	323	717	442	500	738	713	178	167	811	403	141	694	973	380	334	546	719	382	480	508	956	817	100	411	580	459	670	48	703	314	627	974	553	72	487	655	131	142	983	719	655	883	942	935	611	107

125	781	397	462	520	966	156	479	260	959	918	939	98	39	544	152	686	966	23	703	761	799	485	696	277	867	370	214	750	524	525	499	615	422	80	69	580	881	542	666	272	630	876	612	300	156	718	1000	798	298	332	54	512	50	370	444	931	273	530	736	885	537	271	753	57	114	154	136	788	936	397	20	292	23	970	172	561	67	936	693	542	16	653	120	98	821	590	771	89	38	425	382	830	286	871	778	359	999	608	226
853	29	1000	983	930	521	631	624	931	282	53	191	511	934	197	623	80	865	325	38	787	818	463	576	67	209	0	401	611	300	137	890	324	721	371	368	591	769	887	421	795	644	320	708	119	124	151	992	100	369	197	599	938	691	240	45	630	88	216	408	390	893	780	944	62	357	546	958	472	652	385	850	786	321	23	466	122	189	92	456	642	444	362	282	742	203	859	239	469	85	744	796	755	845	668	889	0	132	51	363
817	152	293	135	206	629	520	844	747	482	821	763	478	632	854	642	597	913	519	808	35	490	484	93	647	182	232	741	931	959	705	440	617	853	700	662	399	19	384	642	197	915	520	0	433	982	12	911	211	630	881	603	90	235	293	835	738	896	249	595	527	32	567	990	896	426	978	388	521	309	917	866	843	44	842	173	337	824	384	962	644	120	957	910	628	817	553	47	996	267	450	110	251	516	373	76	409	291	454	398
427	333	777	199	88	106	384	268	590	201	521	114	733	300	133	827	889	633	556	708	447	67	698	778	747	499	57	551	702	885	353	968	365	395	456	421	460	567	342	347	699	346	115	470	643	484	109	402	169	937	964	65	461	32	383	902	28	663	273	533	170	423	429	72	737	502	942	283	50	646	255	38	629	697	862	442	961	320	750	177	123	424	128	153	550	435	1	466	490	345	205	273	347	553	98	520	435	417	41	144
295	854	20	8	47	537	921	345	766	140	632	348	358	439	812	719	886	359	319	588	568	721	543	623	442	783	614	822	204	594	297	349	269	78	597	175	134	843	387	865	965	408	146	412	589	545	373	688	619	562	220	368	895	43	53	597	879	111	775	44	382	726	734	423	537	942	974	875	669	593	788	288	479	731	643	449	701	546	575	59	269	277	956	237	796	914	920	544	974	224	817	828	705	896	501	695	927	952	663	152
42	612	90	896	548	498	87	554	538	410	291	711	213	942	390	204	279	252	651	386	137	382	253	403	268	716	916	272	453	641	138	833	210	84	994	222	985	533	206	586	567	457	979	524	776	99	406	352	540	654	478	616	787	643	266	28	942	545	294	44	534	631	837	575	571	318	433	160	539	441	608	606	288	270	37	162	923	662	7	330	253	316	566	620	185	440	980	985	753	155	802	626	116	44	976	334	482	35	313	817
384	780	490	129	970	106	804	733	724	209	830	792	209	744	215	62	263	503	446	447	802	517	454	481	416	216	823	789	435	691	433	0	952	671	632	783	996	479	241	441	895	898	332	884	46	238	991	43	657	55	974	14	825	961	840	410	289	900	824	409	73	947	347	220	902	576	432	760	772	972	872	269	163	855	201	45	718	570	121	818	254	889	492	335	912	982	35	499	742	942	484	518	813	142	69	822	441	615	550	83
542	633	385	128	805	279	730	144	740	172	531	986	468	551	897	779	892	526	39	777	601	611	126	709	74	22	419	621	636	549	674	522	116	910	693	73	226	50	334	423	690	645	623	405	773	740	714	415	873	387	312	490	512	120	892	311	372	245	237	948	593	522	464	709	389	238	692	476	700	188	590	951	695	292	474	309	325	949	553	518	365	212	265	270	268	27	515	481	502	868	925	937	322	298	430	14	201	226	558	849
387	446	348	154	717	275	221	219	241	887	497	976	495	501	943	126	420	334	112	454	34	97	221	595	11	768	461	25	839	218	210	404	517	710	127	867	381	81	254	214	968	381	479	980	990	667	442	274	661	379	392	715	424	280	618	361	677	166	590	281	223	233	532	990	827	597	945	9	258	301	253	920	591	559	745	406	928	905	855	436	216	451	584	212	216	758	979	620	937	898	425	845	570	619	281	799	397	845	953	223
397	41	111	795	435	383	975	618	950	595	755	846	368	686	320	173	605	977	139	678	105	563	317	833	713	8	323	642	418	89	598	846	469	53	906	522	683	562	663	561	400	832	569	161	470	107	554	955	584	348	147	706	870	901	51	47	161	101	24	14	860	19	107	613	297	405	950	43	993	772	666	574	207	977	511	580	854	352	135	202	580	150	134	378	676	842	218	34	210	407	314	627	381	35	828	336	91	990	32	897
106	838	592	826	626	142	343	183	957	801	620	941	217	970	292	351	875	321	651	91	803	844	768	74	508	652	343	208	128	700	814	298	668	630	695	755	158	584	957	909	923	462	483	993	107	176	990	228	937	619	455	195	399	549	585	321	537	55	645	456	906	368	618	927	468	726	522	949	423	266	812	819	576	98	55	860	610	182	642	119	435	285	821	957	622	367	665	479	439	161	690	144	928	774	350	501	22	522	747	816
411	671	564	779	777	151	264	354	812	882	166	86	840	45	55	511	560	126	921	33	931	564	524	266	880	816	119	463	363	755	822	231	435	619	91	638	922	660	243	966	489	404	324	297	613	502	923	555	916	730	639	410	922	269	767	920	686	268	851	299	809	307	792	844	55	668	404	952	968	723	804	345	180	614	26	449	577	243	763	38	60	621	847	541	150	664	489	279	128	267	360	197	508	219	482	512	745	702	760	262
679	586	6	475	565	268	797	352	762	1	295	221	108	356	173	449	939	583	118	292	369	461	354	424	956	293	285	522	331	127	588	696	156	219	331	584	598	158	591	368	51	733	958	101	150	584	703	977	397	530	910	678	436	450	710	767	795	429	61	693	423	782	787	257	693	674	599	226	853	850	126	781	817	179	102	670	986	985	728	223	314	571	445	696	737	679	587	752	261	230	660	131	123	977	814	848	265	985	861	234
503	630	677	997	541	952	792	417	671	445	617	670	356	298	210	206	258	681	458	33	954	994	421	88	889	610	606	279	652	363	434	986	446	817	292	611	564	721	831	36	592	822	478	739	694	211	136	131	855	810	854	370	95	358	280	748	908	247	58	467	952	440	747	176	435	294	99	754	869	763	160	1000	72	974	466	758	988	942	181	375	263	67	937	907	432	41	300	984	654	606	658	571	95	100	110	761	687	814	149	756
128	582	460	257	429	509	59	271	249	87	715	86	826	49	429	263	806	983	877	673	105	697	680	659	225	486	971	148	916	211	60	502	557	320	297	477	915	799	832	932	829	67	920	349	366	739	836	625	826	278	19	586	799	749	134	168	447	847	224	238	900	822	989	279	719	464	93	523	197	419	344	965	253	256	303	437	630	110	650	857	822	42	817	553	891	775	48	811	594	294	627	133	12	93	379	647	602	127	669	764
289	222	898	987	517	226	761	329	948	418	574	415	192	431	99	940	419	45	646	224	150	100	628	739	840	325	939	381	965	665	219	217	32	817	298	993	304	447	317	488	818	83	254	77	614	51	569	359	487	29	486	160	159	718	517	156	529	355	568	180	747	159	659	456	608	468	424	840	302	205	901	613	335	247	656	517	155	655	376	158	278	462	430	606	750	34	71	776	575	74	914	519	719	664	217	822	448	170	137	802
412	991	615	804	875	104	809	805	705	916	508	335	154	885	409	989	127	798	88	741	379	828	762	735	217	344	638	374	376	320	467	391	833	179	878	634	812	707	681	902	545	86	907	639	816	383	365	439	67	15	235	888	707	775	339	306	392	797	680	852	603	553	592	579	22	858	482	159	671	455	65	399	390	54	678	918	889	576	2	433	7	198	577	766	105	260	610	627	802	407	540	172	464	806	150	653	222	123	271	969
626	97	565	705	424	834	301	398	200	565	47	382	851	482	705	984	456	861	823	202	732	572	199	426	84	2	120	668	113	125	785	748	212	420	924	626	793	841	238	79	890	804	421	806	434	68	727	934	403	964	292	162	238	997	749	435	765	99	434	8	99	68	170	661	390	753	347	638	208	940	810	563	289	214	377	925	94	834	651	659	405	814	864	759	977	765	58	248	178	163	756	689	61	495	48	738	512	217	46	823
460	695	135	760	487	26	135	276	278	719	316	333	725	208	379	259	106	284	246	643	541	757	165	928	881	873	954	790	379	604	236	1000	314	27	168	206	17	946	19	924	744	469	660	409	873	122	979	127	790	783	670	309	586	45	704	893	736	870	468	43	364	378	674	506	466	752	132	357	113	765	970	192	212	631	815	80	565	369	633	148	663	829	716	157	839	864	688	466	707	6	322	890	575	552	991	961	127	11	479	522
789	267	884	477	422	49	939	333	686	487	396	527	47	365	120	974	166	975	501	204	854	91	676	931	480	571	580	741	62	546	210	268	328	238	443	572	606	750	190	516	229	147	225	978	55	463	285	413	820	435	191	957	400	409	683	817	699	75	713	107	97	118	651	757	6	807	594	84	809	590	398	738	631	692	265	694	679	666	334	559	550	541	979	489	106	614	686	97	78	260	821	159	679	633	441	535	69	237	395	307
765	738	145	19	768	991	503	10	878	632	30	406	859	265	610	80	138	510	798	740	781	569	742	103	229	319	457	891	627	560	616	756	604	474	494	435	517	148	599	950	609	672	727	26	962	34	318	45	907	285	75	685	736	696	948	164	433	852	345	184	326	506	91	238	919	887	974	537	945	453	32	528	996	497	230	514	234	533	335	781	551	509	255	803	274	420	593	795	38	101	58	969	776	453	527	671	361	924	419	518
995	320	401	356	444	843	263	718	140	303	467	483	892	254	41	573	804	535	758	905	220	139	335	984	748	967	956	469	944	233	150	361	404	891	128	319	361	400	58	54	96	117	741	597	56	250	725	821	923	231	968	211	711	324	32	976	414	325	579	289	720	79	989	991	15	764	881	773	741	483	706	736	92	249	445	976	781	199	685	48	503	179	216	808	9	886	266	416	912	93	747	652	680	106	270	431	552	751	167	140
279	62	892	13	208	204	127	232	416	717	444	612	522	515	891	195	670	585	25	74	175	98	817	458	227	249	77	527	800	619	192	995	315	952	654	295	19	622	904	815	304	17	671	17	164	5	933	59	22	261	742	707	559	198	536	309	794	315	33	932	979	438	304	404	56	264	760	575	57	352	715	530	202	280	881	574	885	471	138	404	804	892	87	128	940	720	358	553	605	268	876	947	368	220	270	178	395	397	747	981
118	91	602	581	54	164	316	892	617	740	21	594	329	430	908	551	62	771	352	65	806	925	561	186	561	772	445	932	515	489	152	868	69	234	591	744	767	28	880	490	692	540	835	542	934	144	589	928	789	826	344	414	89	246	325	174	131	136	894	650	490	284	534	856	337	247	828	796	255	916	691	569	414	623	340	665	810	548	256	303	410	291	838	671	996	33	855	335	133	726	713	722	920	43	843	673	825	864	829	56
195	217	518	205	473	367	690	236	693	899	201	90	584	447	434	510	133	249	607	250	325	858	503	324	227	718	189	919	408	120	751	260	903	378	522	786	792	726	669	722	412	680	467	6	152	326	514	242	915	660	514	404	88	485	610	92	419	302	627	49	446	418	834	42	112	41	748	953	618	21	199	642	196	146	514	125	40	244	928	995	318	421	966	259	50	92	801	413	26	364	530	471	846	754	593	360	647	142	570	426
814	764	725	745	208	928	153	775	620	902	484	265	923	327	546	117	433	801	150	569	247	73	113	343	70	726	358	499	940	133	417	96	199	849	775	517	129	462	211	781	846	82	534	433	274	300	735	359	500	816	373	94	225	962	373	213	180	667	691	313	134	842	209	50	23	843	527	804	555	939	337	294	61	588	653	668	782	617	794	635	722	4	659	258	951	204	691	923	828	171	17	558	270	266	885	822	75	428	337	533
197	953	586	577	955	439	788	630	100	363	565	11	352	285	750	155	820	973	71	352	809	773	892	179	840	950	950	950	163	163	270	262	538	182	828	123	548	513	719	59	849	193	197	147	741	903	745	481	651	581	454	869	157	835	653	874	916	335	683	57	816	122	144	168	212	31	704	422	65	322	279	952	76	415	603	452	29	752	734	174	900	367	88	887	525	42	384	974	884	857	567	724	60	730	471	112	882	303	362	609
200	498	29	738	311	182	476	58	908	991	357	259	732	89	758	647	533	209	217	897	851	327	923	336	657	4	628	5	580	11	656	660	792	667	47	520	923	881	75	711	934	100	465	823	569	82	556	495	95	540	430	103	852	960	125	956	964	20	392	976	567	624	420	53	218	758	398	539	674	391	76	660	233	299	475	942	899	59	133	872	448	982	869	743	110	807	260	277	844	191	860	409	256	67	152	293	917	103	69	978
999	815	151	623	278	333	785	193	847	506	578	449	485	977	595	778	947	424	782	896	234	503	765	123	129	557	889	399	808	928	561	191	655	562	436	929	330	875	53	406	377	17	218	615	995	307	283	223	94	132	235	499	983	462	68	853	160	940	781	814	910	496	124	426	985	731	902	68	259	852	617	670	795	501	596	536	362	796	570	949	220	630	85	384	745	423	341	779	885	203	797	264	209	923	210	73	616	924	599	291
826	560	682	987	761	21	642	159	1000	545	96	688	594	830	916	153	536	939	89	640	516	869	615	930	735	443	471	149	307	627	104	395	5	542	654	518	344	757	277	18	828	588	710	28	983	146	977	522	29	907	558	142	297	870	577	626	806	328	775	594	307	960	56	667	101	456	962	930	125	395	966	608	334	598	843	347	349	783	564	74	239	228	311	134	448	887	502	737	138	749	19	689	189	324	622	801	129	564	548	337
87	982	15	108	217	192	25	559	160	804	175	898	681	509	957	984	825	89	596	357	707	786	708	968	767	219	600	150	254	913	721	261	557	25	342	136	603	144	916	590	681	646	301	443	195	485	933	411	27	554	781	485	851	175	658	197	170	523	690	643	295	731	568	254	788	254	360	993	441	143	143	962	619	310	876	214	307	340	528	783	998	203	25	711	559	50	176	748	894	743	657	270	714	471	914	642	302	305	446	239
229	454	852	914	368	134	173	474	783	714	606	963	820	73	110	877	533	671	812	652	273	33	142	446	629	542	857	68	628	142	728	921	246	672	416	56	832	248	523	140	570	363	481	60	743	813	346	175	949	761	264	168	360	208	178	859	302	595	700	136	198	145	400	954	222	463	588	953	818	683	852	189	136	706	540	711	38	747	111	536	545	858	577	766	152	564	81	451	306	474	205	625	186	809	752	984	104	988	342	694
949	782	100	259	841	206	373	123	923	817	466	298	642	937	755	342	541	2	348	600	64	182	330	531	651	767	770	343	344	252	117	936	322	862	231	947	321	894	992	582	190	60	277	77	638	873	21	290	823	656	903	175	195	773	642	674	344	492	566	923	926	696	129	678	44	405	612	576	247	454	310	327	822	589	47	47	270	452	442	365	520	585	951	961	207	528	695	437	715	816	474	920	492	786	7	421	372	769	1	729
793	465	363	22	15	910	486	921	499	549	495	119	204	957	106	622	105	880	80	707	196	924	765	723	948	461	661	120	786	930	824	497	409	917	293	778	722	848	575	252	579	655	58	485	623	190	352	529	756	454	865	981	683	721	623	599	404	255	850	58	203	425	265	785	692	961	505	132	585	843	104	41	539	211	73	914	584	386	981	165	137	588	650	614	70	868	23	459	751	738	560	463	289	798	735	628	551	575	37	788
898	117	489	816	436	263	202	584	402	526	71	964	538	945	357	262	889	922	947	559	231	481	254	970	457	310	576	134	398	409	86	651	792	513	335	8	700	353	56	997	322	741	517	212	574	897	29	356	950	994	524	3	795	793	743	646	930	298	921	167	916	714	267	511	933	819	602	166	270	610	419	809	76	293	283	441	487	53	129	115	647	638	789	166	0	334	476	573	799	434	338	488	180	900	638	511	958	769	399	854
16	241	854	416	685	932	561	429	217	781	511	528	211	73	781	226	868	887	362	512	795	998	949	967	123	164	806	150	78	116	702	145	913	316	315	254	794	53	708	92	804	779	76	463	231	656	712	875	967	996	825	557	125	97	647	441	10	565	68	231	419	332	764	831	363	187	502	318	2	861	600	567	103	895	353	688	165	40	811	696	304	911	970	797	781	271	356	726	855	492	909	457	275	972	950	268	3	981	912	689
314	644	51	348	14	876	123	372	442	205	488	943	709	785	414	817	541	441	935	818	314	584	525	592	604	358	330	984	422	358	825	320	116	8	483	34	384	785	563	114	491	903	733	929	268	679	204	65	182	311	758	334	187	394	167	454	384	476	102	806	40	706	146	818	657	380	919	758	797	484	337	380	887	768	321	336	294	574	935	528	316	836	837	352	251	314	247	164	121	54	352	548	68	972	777	728	628	831	708	458
351	294	834	244	648	232	789	944	308	374	189	825	656	157	466	321	765	507	349	793	867	215	434	6	919	180	726	781	638	936	811	200	56	394	202	672	893	707	32	664	8	244	558	739	503	363	282	787	640	172	270	513	689	572	204	29	97	706	615	156	563	994	991	331	353	129	327	159	122	5	496	164	476	234	13	601	590	205	830	971	71	726	738	24	649	490	374	710	110	826	570	66	873	347	68	648	983	606	199	38
179	986	220	843	833	481	940	358	937	794	907	991	593	972	131	147	824	106	669	963	662	842	806	584	708	809	256	573	707	100	503	627	116	311	219	161	247	43	299	33	445	87	368	262	715	815	165	407	395	10	267	350	963	180	66	734	75	50	447	965	364	850	273	802	449	107	298	118	380	420	609	906	123	173	93	276	955	682	468	708	280	378	67	819	863	516	778	88	965	546	937	697	812	488	171	94	675	740	764	71
951	250	403	257	366	950	698	800	903	286	589	311	905	265	828	291	787	850	254	673	60	272	781	722	349	924	718	112	952	912	344	277	637	241	108	233	282	616	296	443	573	282	814	819	78	773	72	803	324	195	696	689	643	508	111	937	652	905	799	995	533	564	204	258	804	358	733	519	380	767	946	82	939	759	468	957	815	73	288	174	20	298	479	562	929	75	332	798	716	679	242	493	706	35	753	37	81	713	240	75
19	772	22	274	322	207	437	468	847	695	796	331	562	151	451	873	30	769	892	591	361	450	321	29	126	678	406	626	222	413	290	491	946	308	107	616	671	612	969	947	429	431	420	428	544	1	862	347	243	662	261	342	602	288	649	339	350	535	846	250	440	996	985	60	688	567	545	553	886	254	849	117	167	411	513	266	733	765	751	353	287	100	179	754	555	292	301	551	894	501	7	191	48	186	526	629	654	659	66	735
853	699	856	295	229	523	513	959	500	169	584	162	317	340	475	941	840	74	679	503	357	348	939	499	547	190	782	45	542	715	591	378	405	5	958	854	628	12	483	839	96	271	214	296	244	761	898	734	306	958	704	59	244	303	407	274	322	989	937	542	162	133	136	637	191	568	534	100	240	73	342	278	45	605	143	833	300	303	49	100	456	169	203	532	663	653	372	975	341	878	184	9	233	102	969	439	932	778	425	862
24	614	569	147	43	996	400	418	154	202	390	53	347	455	358	171	877	956	945	675	81	996	213	531	1	991	200	972	477	599	63	401	970	984	90	908	560	84	715	992	3	409	72	611	219	363	481	867	557	256	938	849	868	71	632	803	350	703	580	750	210	358	219	291	217	991	214	884	691	817	8	704	919	520	136	781	223	68	725	343	293	348	947	139	808	698	196	758	634	726	75	240	471	954	565	914	647	999	228	68
331	895	726	988	519	259	456	221	852	1000	399	783	124	761	278	567	747	896	492	187	335	721	992	71	956	316	814	501	227	544	822	69	338	120	789	692	952	872	936	865	97	956	586	679	177	379	42	734	789	995	213	136	937	312	668	913	842	736	447	944	427	67	120	416	637	566	745	490	132	761	971	481	218	31	212	104	214	813	93	631	413	541	225	19	277	605	424	528	123	747	881	139	953	421	392	807	835	293	229	877
678	484	919	496	530	514	461	760	358	875	372	180	581	750	480	421	305	249	998	935	98	38	184	303	728	179	97	316	421	762	281	63	529	847	343	895	218	520	697	864	18	875	478	520	133	455	896	697	686	144	747	737	258	935	963	145	482	362	609	136	299	297	513	89	519	537	92	130	127	389	113	366	790	826	633	840	100	775	695	847	420	477	160	761	905	412	494	668	554	212	431	147	748	248	106	112	79	317	569	236
1	469	968	575	802	613	944	142	196	522	26	987	926	955	642	388	152	47	504	222	567	725	471	74	796	685	112	244	848	784	186	256	294	363	589	359	164	99	254	227	313	903	19	451	998	395	285	719	340	798	727	477	971	130	719	362	136	702	146	190	594	944	550	932	797	194	347	637	40	159	484	590	284	749	76	238	950	967	709	671	332	518	504	299	606	777	244	593	856	190	594	903	140	75	478	832	822	656	922	993
375	217	922	78	192	676	139	185	771	793	847	589	757	117	69	457	951	38	548	295	240	750	678	95	770	928	615	518	10	331	640	364	821	757	78	847	248	579	99	721	819	763	450	200	357	274	987	884	968	935	714	822	338	503	356	201	571	41	110	934	17	394	314	78	873	594	857	53	924	483	506	199	662	225	1000	267	181	963	539	934	279	970	368	152	93	390	536	908	943	202	981	372	226	298	471	976	375	557	978	596
468	354	634	674	699	832	925	866	679	616	269	483	174	470	1000	225	797	962	228	966	858	31	840	395	240	350	220	17	826	295	616	840	44	739	534	13	279	913	935	557	930	134	691	558	638	827	571	577	164	297	527	35	784	374	700	241	481	805	849	756	599	740	345	580	618	75	750	618	434	433	222	448	147	721	249	407	673	695	707	671	642	625	684	52	709	396	785	117	237	514	472	1000	52	707	810	154	364	112	738	105
209	978	303	178	754	166	924	938	611	670	818	629	13	25	505	706	549	563	795	888	289	141	781	843	518	530	302	113	233	644	895	20	653	416	188	463	98	313	58	932	742	136	450	78	71	324	24	980	935	789	550	147	238	46	728	283	173	222	933	845	715	727	207	970	290	294	615	670	659	494	230	166	681	681	865	866	201	821	242	252	970	865	97	846	558	888	459	919	131	930	951	233	708	169	859	44	410	514	400	675
721	418	883	559	793	263	129	758	564	674	786	465	466	983	978	186	951	10	570	120	849	402	972	568	1	495	839	380	360	726	275	285	703	639	650	992	46	285	72	618	561	139	187	163	163	956	394	705	872	215	384	451	865	857	185	229	641	221	111	1	973	356	811	218	4	927	596	612	604	317	617	446	629	791	143	968	88	57	168	750	54	423	132	226	126	315	763	239	457	214	85	254	654	520	348	541	148	243	695	44
343	695	581	428	708	306	819	496	981	279	329	210	89	128	462	563	151	917	304	905	556	864	438	190	131	249	783	780	72	833	472	148	392	155	954	569	863	108	472	81	986	659	984	273	287	442	578	716	949	250	632	911	337	605	36	798	564	159	42	773	262	328	889	478	37	218	915	555	989	714	257	940	295	250	618	981	162	859	122	968	727	725	743	193	769	148	821	327	494	140	147	276	161	366	869	862	808	537	804	822
991	858	226	383	379	456	721	863	150	961	795	409	109	115	287	150	895	574	745	154	250	858	0	649	803	548	321	23	898	602	188	93	529	313	858	99	451	283	159	911	863	396	631	244	241	390	265	883	305	756	404	287	595	986	644	579	663	795	417	227	111	226	662	122	274	235	230	632	312	700	842	803	13	888	748	392	662	116	25	999	945	899	394	1	227	792	980	63	998	599	612	546	614	293	918	137	252	780	661	602
777	288	416	83	285	489	291	262	343	830	408	979	585	148	278	352	517	922	978	621	423	664	732	936	747	108	479	406	598	151	490	165	669	446	225	809	895	905	348	369	775	317	560	593	891	53	920	602	838	490	319	452	898	662	372	79	788	492	115	451	917	344	372	892	367	986	909	789	229	608	554	151	357	898	133	33	368	810	401	329	771	731	77	806	852	651	301	880	625	641	175	397	323	262	898	266	184	95	141	773
484	22	831	582	800	101	117	283	716	69	478	721	708	109	349	760	109	288	36	536	276	588	591	259	175	222	977	34	725	348	120	861	529	293	9	708	529	342	84	348	841	69	860	10	989	405	274	94	526	366	170	555	285	344	809	512	717	507	823	480	351	115	856	561	226	641	819	479	162	495	890	304	366	715	325	208	83	175	153	231	651	894	949	894	562	803	909	986	905	366	801	161	996	615	263	60	719	857	586	667
229	953	692	365	841	373	893	350	188	533	888	976	680	711	564	227	735	509	603	75	748	57	404	547	365	465	508	337	538	396	825	408	794	49	265	439	442	601	963	540	42	740	558	391	500	713	830	904	391	137	818	523	641	759	732	949	50	484	944	893	222	944	876	809	640	890	355	262	858	135	745	239	835	636	103	113	806	648	558	321	405	135	887	476	861	212	921	796	545	699	979	422	6	228	31	785	866	500	659	241
292	712	22	939	959	715	297	427	383	247	706	814	843	99	277	31	1000	185	798	345	841	118	54	77	634	461	26	518	588	852	292	800	883	908	359	4	900	875	463	832	702	576	48	583	691	348	965	861	937	375	477	30	689	964	422	95	314	969	465	627	917	852	145	273	646	345	430	598	869	215	139	308	366	830	617	162	675	560	641	49	968	661	251	85	772	542	216	524	342	206	535	149	610	982	813	383	986	184	908	65
847	975	495	67	285	760	482	190	407	946	355	867	380	63	197	574	974	194	838	470	160	355	859	48	873	673	726	857	483	595	803	953	92	499	340	625	553	611	59	233	999	602	890	921	502	374	756	676	381	879	906	439	788	173	947	700	562	82	448	665	921	654	389	926	763	667	258	46	209	54	625	774	832	826	644	599	238	135	140	576	230	905	760	915	485	732	865	51	236	919	751	660	300	602	714	592	148	286	312	906
456	908	392	714	750	239	571	892	691	7	776	469	443	842	450	972	683	569	972	37	410	231	843	959	179	874	383	144	736	453	553	394	905	897	967	45	817	999	121	334	857	674	688	85	467	834	935	989	314	899	386	488	192	284	587	301	941	74	168	414	363	741	461	364	235	731	966	135	227	849	122	737	173	176	634	126	748	947	862	152	145	666	462	697	530	863	565	542	611	194	954	81	694	836	9	50	33	457	655	829
911	638	347	475	737	433	477	690	962	420	536	987	148	516	658	850	147	499	953	908	465	865	810	656	989	9	835	23	31	513	41	653	257	124	152	594	13	97	372	325	999	834	984	322	935	226	950	656	442	826	221	778	151	574	447	513	355	461	606	790	184	215	548	278	264	523	46	645	267	231	358	277	746	207	154	828	820	221	375	141	862	521	405	204	618	603	707	369	704	804	300	927	236	343	155	578	821	392	659	719
691	363	461	320	667	603	603	123	440	280	509	633	800	557	8	911	787	80	182	470	51	348	764	711	227	597	137	640	650	996	145	408	500	868	107	438	459	892	792	732	251	207	136	314	109	513	208	247	802	715	11	759	744	401	397	917	870	702	401	212	778	856	617	793	144	955	471	145	147	146	635	384	200	75	456	352	400	843	480	505	55	235	315	278	890	478	675	596	719	231	590	355	186	239	538	77	580	346	132	489
508	407	183	500	522	989	368	496	715	990	737	815	278	515	120	40	34	975	991	191	173	222	410	555	227	702	284	759	555	399	792	379	45	343	348	311	158	425	140	162	540	245	949	345	139	777	953	450	695	578	205	373	580	283	931	738	898	770	640	379	772	775	330	616	7	786	249	503	586	184	159	553	218	681	776	263	254	587	221	2	619	222	520	828	265	100	578	596	193	322	533	9	324	733	613	845	375	651	953	317
144	101	129	463	646	137	155	994	339	397	782	859	643	244	227	170	801	634	929	611	726	824	974	494	85	281	363	628	153	749	674	896	597	740	527	813	464	143	289	775	438	981	899	416	791	420	53	622	431	396	681	779	135	267	405	111	980	325	194	716	736	369	622	505	329	766	309	499	820	447	150	572	56	20	377	934	626	405	182	705	663	51	743	285	742	298	861	649	562	675	791	805	538	683	286	253	934	201	542	705
551	310	314	574	164	169	518	486	829	459	413	594	284	175	772	288	116	314	66	51	216	7	358	941	183	734	181	336	198	155	146	803	260	699	142	897	966	421	441	739	651	625	394	483	598	207	666	993	606	261	187	229	138	616	530	543	106	65	624	217	712	688	451	955	996	843	589	50	899	821	40	239	809	385	706	773	287	571	747	47	514	766	23	630	468	315	906	691	952	375	39	505	733	585	716	239	189	226	436	352
51	633	568	59	401	768	407	419	11	903	739	701	638	217	298	300	733	27	228	516	449	635	539	916	561	608	124	184	268	669	553	800	226	222	359	794	802	603	831	161	596	387	412	17	637	369	259	184	902	146	664	362	338	383	447	149	484	105	984	190	976	690	232	981	793	600	370	813	133	499	595	640	379	684	546	221	450	813	802	444	611	101	314	294	809	475	103	893	846	574	909	62	167	488	339	78	524	295	27	6
570	550	184	890	591	611	463	853	187	786	975	768	495	904	804	276	255	526	846	881	185	10	316	954	243	420	688	164	140	891	301	521	281	577	341	330	658	645	632	815	804	438	95	318	81	789	437	388	586	954	387	479	734	617	377	919	286	941	821	829	312	457	258	598	519	895	192	475	768	723	174	70	732	936	885	449	646	460	180	639	166	381	83	132	687	671	975	379	695	522	365	682	630	723	926	356	401	136	711	338
491	776	838	80	693	181	796	243	383	85	723	762	498	828	534	935	826	129	325	75	501	499	657	524	418	622	270	557	121	200	564	309	420	204	995	879	5	783	661	598	878	206	147	65	655	605	987	84	242	113	76	639	39	245	692	563	228	825	32	878	746	446	80	491	782	371	881	5	470	879	337	848	80	930	87	368	832	633	146	562	965	12	355	823	252	112	927	495	334	191	724	241	970	694	951	111	392	577	439	892
307	583	830	742	11	366	4	954	229	594	199	646	336	507	234	865	788	881	272	584	758	590	899	482	761	484	136	953	656	531	771	793	218	693	491	543	850	322	508	749	875	602	183	781	355	449	130	189	228	69	489	966	737	756	30	149	123	304	828	445	156	45	508	904	485	145	931	902	88	467	822	922	189	138	890	541	197	66	998	326	942	167	500	684	49	791	195	876	613	416	148	885	808	319	917	74	20	742	737	717
734	6	39	786	603	327	957	250	855	438	713	394	819	643	923	434	452	150	290	976	566	792	191	724	310	416	66	726	470	276	414	639	103	649	998	873	989	243	868	550	635	192	779	6	232	591	855	980	373	906	248	12	81	199	451	106	957	244	289	504	176	929	185	336	424	156	900	120	809	88	44	578	521	600	884	871	996	877	948	234	346	468	428	757	789	499	850	331	28	428	348	18	445	413	510	667	99	890	335	178
395	714	186	724	618	18	637	373	779	695	89	39	433	945	951	553	403	498	665	20	90	233	454	313	17	412	272	291	238	943	505	845	965	607	333	366	69	949	139	695	463	289	56	395	2	993	985	691	282	675	901	148	515	294	637	371	995	777	842	725	431	571	576	180	838	533	500	834	902	902	507	719	370	625	642	827	877	309	959	565	626	897	627	160	833	121	376	366	328	213	936	836	442	459	641	634	100	160	163	637
919	427	553	205	632	528	261	164	335	597	992	813	733	175	681	114	378	416	284	350	21	41	424	815	708	18	942	545	370	403	602	66	521	994	23	206	674	710	890	80	769	362	276	897	953	915	907	562	571	633	493	83	79	985	576	371	246	950	242	869	739	69	962	441	647	729	357	983	748	229	830	948	40	532	767	81	832	693	211	85	970	392	35	505	596	480	988	816	208	817	736	590	914	793	347	611	399	166	49	984
622	180	427	155	499	98	60	346	403	468	319	387	179	618	592	692	158	394	564	162	480	3	713	780	514	303	313	946	962	680	670	525	438	396	582	296	793	116	387	792	281	592	22	586	861	252	573	669	932	350	980	547	302	502	339	647	469	644	255	274	574	394	744	312	466	778	773	761	0	862	107	599	837	366	316	845	700	735	796	90	337	420	361	166	8	433	71	377	180	868	467	345	127	854	605	625	958	117	444	75
783	156	996	904	735	245	300	251	176	18	801	598	219	13	469	363	798	455	591	960	302	529	331	388	413	182	759	638	582	170	79	247	677	828	839	443	504	859	50	812	527	806	512	270	88	179	863	88	893	918	455	114	68	395	219	931	310	113	16	409	185	236	147	402	905	677	934	890	423	885	959	510	539	151	876	556	694	638	396	233	786	734	613	559	195	572	842	4	883	244	837	226	21	543	674	395	44	375	767	234
283	64	378	266	514	928	764	382	839	208	412	910	697	473	623	261	46	89	838	897	170	301	173	506	220	811	613	850	272	590	324	688	136	520	347	742	235	686	551	291	720	488	919	171	590	883	866	867	198	984	64	128	118	598	398	398	45	870	1	160	195	951	515	900	128	61	294	991	641	155	197	191	960	414	724	767	312	67	665	462	490	381	849	483	844	418	599	715	975	614	573	634	74	476	834	446	746	981	514	228
175	447	976	268	244	899	306	211	594	936	757	965	211	493	799	524	866	892	309	911	644	41	396	628	885	66	143	279	915	445	36	570	482	98	558	611	428	273	930	357	302	841	258	210	22	828	709	47	967	289	535	154	754	61	872	943	259	215	150	775	65	399	265	344	371	977	846	85	978	591	408	497	53	439	892	690	822	413	5	378	765	622	745	205	381	789	138	664	943	945	540	444	472	552	63	439	893	734	783	290
268	467	502	398	717	717	51	983	901	962	420	720	235	664	518	235	759	26	218	733	663	977	76	329	633	624	104	942	754	794	702	927	84	107	621	732	279	719	725	540	319	530	418	533	988	418	624	405	100	799	701	493	800	95	714	289	191	415	34	655	574	988	906	786	349	579	337	63	798	585	545	336	235	687	490	702	671	169	319	540	420	319	761	638	593	237	462	544	704	713	84	226	715	150	907	291	682	339	8	321
904	842	284	32	223	659	710	861	794	345	341	351	656	608	154	569	818	521	478	849	791	694	149	215	541	100	264	171	119	234	560	307	610	329	702	322	700	4	403	99	680	175	198	543	633	925	325	492	266	731	43	647	349	963	534	620	902	69	24	85	946	657	231	599	530	702	637	815	901	813	276	782	364	345	250	997	11	747	53	590	641	698	763	949	579	656	167	640	906	951	829	521	938	121	950	807	867	92	695	980
82	496	60	232	737	871	613	556	439	53	290	353	807	892	733	892	139	696	361	324	905	430	814	905	429	182	844	824	128	295	757	408	442	957	543	814	174	107	529	323	95	227	944	970	242	643	295	554	15	825	669	746	479	905	291	433	799	46	479	100	643	494	163	746	427	493	271	965	163	326	579	799	300	382	238	819	802	903	947	193	139	103	976	978	185	278	306	892	360	550	638	160	362	534	768	676	195	870	927	721
155	500	236	702	51	15	933	776	438	939	325	949	909	101	756	32	550	504	700	720	40	432	252	201	404	576	890	814	939	828	760	497	677	795	824	565	975	582	409	751	323	972	940	867	702	750	965	756	943	756	427	674	250	304	834	369	517	697	863	570	308	893	397	810	183	475	604	725	285	775	116	542	819	774	622	990	105	462	275	491	181	790	115	402	672	132	567	607	36	774	634	613	717	254	715	64	530	238	230	953
755	586	794	507	149	712	849	274	76	244	831	252	629	348	751	852	790	368	900	185	652	665	257	31	617	465	306	288	172	65	542	428	395	841	543	105	979	495	805	15	609	407	537	926	503	780	599	341	528	619	124	702	665	926	658	70	105	687	193	907	757	609	15	186	924	200	899	116	805	756	987	44	208	593	546	953	10	903	801	563	242	815	331	612	451	932	152	821	733	220	588	331	692	67	869	550	566	765	170	693
396	202	987	484	223	137	192	1000	559	475	553	14	110	554	276	74	889	707	626	634	801	508	742	682	762	509	544	428	594	720	139	519	281	609	148	366	463	577	838	395	438	788	589	69	31	202	79	999	255	220	60	22	153	313	822	825	416	745	739	387	814	155	524	203	718	175	517	805	549	952	78	685	198	92	624	185	250	10	159	301	8	185	775	250	168	911	846	887	837	993	867	312	177	186	697	994	72	792	511	743
765	282	890	306	318	845	195	513	2	433	948	613	760	85	1000	343	208	532	118	194	144	887	417	318	61	255	800	449	97	267	1	989	255	396	977	914	134	944	513	795	942	869	120	338	836	66	132	767	782	743	792	722	50	932	392	917	934	957	803	724	307	68	158	266	181	995	478	636	862	40	734	14	400	846	739	449	358	928	436	154	580	14	546	314	85	282	703	780	676	106	552	428	922	373	476	4	472	884	231	207
967	609	46	1	144	53	827	505	414	378	682	899	316	625	854	607	638	534	869	355	478	810	642	325	139	12	585	39	271	430	352	234	738	979	311	325	206	237	240	270	798	454	135	942	13	87	937	926	452	305	157	608	381	485	350	524	504	198	243	918	72	179	237	180	255	285	486	438	45	385	343	715	691	585	974	204	85	20	194	761	438	702	444	424	985	113	504	377	814	113	188	634	519	916	595	14	785	654	567	651
955	898	895	968	803	482	849	914	376	878	390	897	517	371	99	386	233	534	654	654	506	336	85	817	553	645	655	730	860	386	707	32	127	1	76	135	868	210	771	434	154	218	510	316	764	514	314	633	648	206	192	159	640	77	834	870	900	727	892	377	159	532	30	712	907	153	271	529	724	477	280	115	704	147	768	605	78	556	129	247	883	568	646	734	272	960	580	787	150	220	689	446	497	222	788	19	874	816	601	953
303	638	594	900	527	957	410	157	422	241	844	325	321	77	149	798	919	229	106	492	7	166	643	18	73	186	138	537	198	158	287	900	137	754	903	613	289	489	201	625	788	517	254	855	825	747	715	325	431	392	624	76	963	462	894	57	478	758	55	523	59	589	181	1000	665	627	743	267	781	981	408	494	699	679	716	678	575	596	373	365	64	410	543	590	306	801	921	805	967	53	544	906	541	961	282	548	974	802	823	555
896	160	722	277	985	535	254	452	463	226	83	269	590	997	553	235	622	745	498	431	939	190	622	240	866	287	125	815	788	642	680	403	987	291	41	247	321	527	471	72	563	826	534	973	530	460	299	940	815	88	374	630	876	165	997	917	483	35	935	930	698	664	157	151	59	364	373	957	93	319	964	677	76	928	715	645	11	607	778	848	600	674	589	542	373	742	378	22	566	970	31	401	676	371	702	58	348	233	803	19
114	963	440	520	219	249	430	862	802	789	777	492	129	681	543	862	688	129	663	413	272	472	966	257	693	71	155	73	308	286	634	312	935	409	876	857	192	794	708	866	691	987	369	377	241	763	815	229	856	695	563	81	31	542	167	962	675	40	424	541	469	357	442	563	803	112	568	446	320	340	132	545	414	649	793	622	903	879	437	36	576	42	205	842	293	372	69	864	23	767	447	493	826	122	697	209	309	72	530	157
32	543	64	871	776	133	748	38	946	935	971	970	754	156	635	34	120	365	573	118	560	106	822	548	237	381	860	139	318	586	13	26	554	319	426	393	827	226	813	720	65	988	659	227	328	397	872	481	110	763	274	311	877	524	563	392	938	186	616	294	209	941	834	28	915	366	178	842	724	209	336	698	526	532	314	806	541	433	88	614	111	999	772	195	701	749	530	638	97	335	480	718	287	334	624	603	462	294	162	847
32	119	836	603	357	526	133	721	294	372	118	396	56	843	940	492	871	371	740	66	162	562	924	13	771	921	206	956	119	494	267	597	458	669	757	122	27	656	227	845	486	651	859	807	585	591	337	860	95	24	72	419	737	223	45	537	357	397	902	326	164	59	387	850	804	585	151	966	994	920	325	318	169	129	976	894	723	607	937	884	767	464	120	794	522	631	307	441	564	300	538	787	579	496	219	366	686	452	631	579
646	976	106	557	216	775	865	497	164	707	956	544	533	712	270	537	497	184	967	434	912	746	241	999	63	768	648	689	668	974	855	223	169	214	370	118	249	769	125	311	908	44	199	883	144	155	951	407	616	586	849	309	752	372	727	803	776	681	62	471	101	90	784	150	292	586	715	377	470	997	380	769	138	50	183	117	362	657	277	884	775	587	552	487	448	799	418	939	47	421	552	596	967	615	890	332	183	893	70	225
268	544	739	385	481	424	28	221	930	784	396	372	291	887	878	976	585	60	802	157	272	304	984	184	105	973	927	856	540	906	639	52	514	968	670	396	74	147	491	31	48	132	211	359	93	948	189	377	296	157	658	443	213	785	635	593	650	243	4	563	98	76	854	815	634	707	955	735	307	256	935	583	54	213	998	866	845	85	460	647	371	381	839	544	789	119	120	396	43	111	43	77	126	306	13	106	596	964	792	530
340	592	642	274	212	867	758	630	4	140	45	307	546	933	912	740	773	599	562	242	812	104	479	116	840	231	38	622	826	539	925	418	605	603	666	542	998	279	309	17	251	167	503	120	461	15	972	126	912	620	138	67	503	126	137	608	648	183	723	167	935	973	472	688	829	691	240	63	467	30	850	188	511	284	222	787	775	628	671	672	920	45	150	942	815	863	769	144	459	966	178	835	978	453	751	42	670	336	795	448
563	391	156	158	987	462	14	525	269	225	784	507	57	209	788	397	562	589	978	435	303	309	893	333	43	615	191	128	971	557	924	101	563	743	339	403	292	553	782	130	964	29	442	77	32	834	563	906	893	447	562	658	125	987	400	565	359	375	205	136	347	332	345	107	352	791	240	327	867	619	865	207	10	362	526	926	693	957	937	141	326	489	410	615	630	354	488	424	107	467	616	955	430	64	227	112	200	340	70	809
214	28	378	369	304	241	688	717	130	466	870	255	931	345	613	250	844	420	581	979	883	101	222	197	283	117	459	219	392	913	328	598	301	317	477	785	454	389	322	551	734	514	67	149	371	687	199	961	720	152	303	502	690	729	975	853	636	911	257	475	115	704	75	377	921	945	937	675	969	727	239	230	135	426	15	611	13	627	642	131	769	759	109	94	623	377	800	314	363	122	769	515	863	644	472	130	667	682	963	66
673	322	252	269	352	888	630	469	917	598	451	110	659	543	87	298	272	800	537	719	619	546	88	25	640	707	129	503	24	421	902	549	766	190	485	866	631	563	9	536	989	736	999	437	826	536	6	951	887	648	211	114	554	429	819	214	644	668	330	496	285	602	423	232	282	68	988	551	288	244	764	997	568	592	332	297	115	900	862	946	57	507	335	236	366	302	78	222	785	571	502	942	962	397	224	579	784	150	810	730
577	143	432	146	49	50	60	416	586	477	385	933	855	544	831	369	106	524	948	404	861	188	347	414	19	910	324	156	95	190	442	114	937	483	634	304	880	0	160	401	195	664	413	884	691	127	626	324	891	525	415	386	512	152	843	555	512	639	781	550	328	589	10	42	831	918	722	186	693	680	447	518	10	95	789	3	742	16	385	387	37	616	188	52	732	184	270	564	2	733	814	330	481	582	637	60	746	276	58	75
933	763	265	646	247	103	832	242	635	847	560	527	73	975	366	978	349	227	165	251	294	633	601	738	123	421	112	366	101	89	118	896	950	632	581	889	215	835	301	670	270	208	913	152	643	283	15	760	330	242	291	418	901	374	182	412	463	998	881	980	476	565	394	669	774	970	575	7	784	921	774	243	62	186	514	139	24	289	904	422	253	332	218	398	33	124	191	45	722	49	71	269	741	580	814	924	184	307	721	424
163	547	362	72	318	747	210	75	570	41	674	217	801	995	710	543	729	893	283	162	712	975	781	824	791	985	522	139	994	361	409	729	346	168	169	659	738	282	172	318	137	46	924	931	631	913	607	809	970	517	574	12	529	33	494	838	790	972	404	386	806	441	531	735	765	563	871	861	241	491	832	104	815	171	853	106	310	288	115	320	964	333	371	685	806	67	595	321	23	956	483	253	580	867	406	889	262	463	555	808
33	32	491	781	812	824	46	452	328	804	485	427	702	349	173	994	741	544	437	875	429	513	276	887	200	837	113	616	398	652	164	275	506	182	998	991	250	640	312	425	35	317	238	238	354	279	412	72	58	839	175	54	645	370	366	888	798	693	186	925	656	885	931	568	449	639	576	267	583	122	584	230	175	376	56	871	860	968	513	583	783	956	848	293	228	71	982	116	584	800	139	632	934	656	235	557	84	800	565	127
662	677	854	0	17	433	296	203	609	469	508	703	949	596	814	297	613	887	702	552	997	322	380	252	557	113	217	770	31	490	322	433	797	922	478	65	139	682	118	304	854	684	538	766	709	376	308	368	899	737	557	195	690	855	576	788	925	765	307	433	525	270	249	491	927	755	453	791	832	802	200	87	254	556	655	994	674	580	969	792	789	478	703	885	123	324	177	296	969	10	527	535	212	246	821	806	179	321	595	229
45	636	592	968	842	593	791	732	250	61	646	192	266	779	259	736	210	334	630	978	41	961	304	520	225	583	448	228	557	0	146	770	276	700	924	589	463	625	203	768	792	234	410	663	43	297	248	773	914	60	135	838	219	547	935	632	775	819	667	891	22	849	529	230	53	254	854	211	848	784	866	15	587	561	180	102	589	611	146	349	770	144	141	402	660	294	623	238	699	838	242	675	467	485	824	344	510	374	239	719
